&electrons nelec    8 nup    4
# State    1
determinants        33   1
     0.83971100    -0.14380258    -0.12527716    -0.04372475    -0.04424376    -0.02386314    -0.02386314     0.00951357     0.01058611     0.01213918     0.01213918     0.00237566    -0.01172397    -0.01172397    -0.00005744    -0.00005744    -0.00013211    -0.00013211    -0.00044854    -0.00044854     0.00075424     0.00075424    -0.00223919    -0.00233266    -0.00796244    -0.00808320     0.00063600     0.00015022     0.00045639     0.00069680    -0.00058066     0.00069680    -0.00058066
   1   2   3   4   1   2   3   4
   1   2   3   5   1   2   3   5
   1   2   5   4   1   2   5   4
   1   2   7   4   1   2   7   4
   1   2   3   6   1   2   3   6
   1   2   3   6   1   2   7   4
   1   2   7   4   1   2   3   6
   1   2   5   6   1   2   5   6
   1   2   5   7   1   2   5   7
   1   2   6   7   1   2   3   4
   1   2   3   4   1   2   6   7
   1   2   6   7   1   2   6   7
   1   2   3   7   1   2   6   4
   1   2   6   4   1   2   3   7
   1   2   5   7   1   2   3   8
   1   2   3   8   1   2   5   7
   1   2   5   6   1   2   8   4
   1   2   8   4   1   2   5   6
   1   2   6   8   1   2   5   4
   1   2   5   4   1   2   6   8
   1   2   7   8   1   2   3   5
   1   2   3   5   1   2   7   8
   1   2   3   8   1   2   3   8
   1   2   8   4   1   2   8   4
   1   2   6   4   1   2   6   4
   1   2   3   7   1   2   3   7
   1   2   5   8   1   2   5   8
   1   2   6   8   1   2   6   8
   1   2   7   8   1   2   7   8
   1   2   3   7   1   2   5   8
   1   2   5   8   1   2   6   4
   1   2   5   8   1   2   3   7
   1   2   6   4   1   2   5   8
end
csf         21   1
     0.83971100    -0.04372475    -0.00808320     0.02102568     0.03558711    -0.00796244    -0.04424376     0.00237566    -0.00233266    -0.00223919     0.00045639     0.00015022    -0.00120689    -0.00100572     0.00081168     0.00031643    -0.12527716    -0.14380258     0.01058611     0.00951357     0.00063600
end
csfmap
        21        33        45
         1
         1  1.000000
         1
         4  1.000000
         1
        26  1.000000
         6
        11  0.577350
         7 -0.288675
        14  0.288675
        13  0.288675
         6 -0.288675
        10  0.577350
         4
         7 -0.500000
        14 -0.500000
        13 -0.500000
         6 -0.500000
         1
        25  1.000000
         1
         5  1.000000
         1
        12  1.000000
         1
        24  1.000000
         1
        23  1.000000
         1
        29  1.000000
         1
        28  1.000000
         6
        30 -0.577350
        16 -0.288675
        22 -0.288675
        21 -0.288675
        15 -0.288675
        32 -0.577350
         6
        33  0.577350
        18  0.288675
        20  0.288675
        19  0.288675
        17  0.288675
        31  0.577350
         4
        16 -0.500000
        22  0.500000
        21  0.500000
        15 -0.500000
         4
        18  0.500000
        20 -0.500000
        19 -0.500000
        17  0.500000
         1
         3  1.000000
         1
         2  1.000000
         1
         9  1.000000
         1
         8  1.000000
         1
        27  1.000000
end
