lcao   28  28   1
      0.51573080E+00     -0.80253948E-01      0.59766280E-01      0.00000000E+00      0.00000000E+00      0.00000000E+00      0.00000000E+00      0.27371245E+00     -0.10121934E+00      0.14732256E-01      0.00000000E+00      0.00000000E+00      0.00000000E+00      0.00000000E+00      0.51573080E+00     -0.80253948E-01      0.59766280E-01      0.00000000E+00      0.00000000E+00      0.00000000E+00      0.00000000E+00     -0.27371245E+00      0.10121934E+00      0.14732256E-01      0.00000000E+00      0.00000000E+00      0.00000000E+00      0.00000000E+00
     -0.51934762E+00     -0.19352164E+00     -0.51105744E-01      0.00000000E+00      0.00000000E+00      0.00000000E+00      0.00000000E+00      0.27863058E+00     -0.79716660E-02      0.35816836E-02      0.00000000E+00      0.00000000E+00      0.00000000E+00      0.00000000E+00      0.51934762E+00      0.19352164E+00      0.51105744E-01      0.00000000E+00      0.00000000E+00      0.00000000E+00      0.00000000E+00      0.27863058E+00     -0.79716660E-02     -0.35816836E-02      0.00000000E+00      0.00000000E+00      0.00000000E+00      0.00000000E+00
      0.00000000E+00      0.00000000E+00      0.00000000E+00      0.57065650E+00      0.27687924E-01     -0.59956053E-03      0.60601823E-03      0.00000000E+00      0.00000000E+00      0.00000000E+00      0.00000000E+00      0.00000000E+00      0.22857152E-01      0.17068892E-03      0.00000000E+00      0.00000000E+00      0.00000000E+00      0.57065650E+00      0.27687924E-01     -0.59956053E-03      0.60601823E-03      0.00000000E+00      0.00000000E+00      0.00000000E+00      0.00000000E+00      0.00000000E+00     -0.22857152E-01     -0.17068892E-03
      0.00000000E+00      0.00000000E+00      0.00000000E+00      0.13852522E-02     -0.14803151E-02      0.57243645E+00      0.25842829E-01      0.00000000E+00      0.00000000E+00      0.00000000E+00      0.00000000E+00      0.00000000E+00     -0.15720527E-03      0.22486487E-01      0.00000000E+00      0.00000000E+00      0.00000000E+00      0.13852522E-02     -0.14803151E-02      0.57243645E+00      0.25842829E-01      0.00000000E+00      0.00000000E+00      0.00000000E+00      0.00000000E+00      0.00000000E+00      0.15720527E-03     -0.22486487E-01
      0.77820163E-01      0.30989885E+00     -0.12360253E-01      0.00000000E+00      0.00000000E+00      0.00000000E+00      0.00000000E+00     -0.65875273E+00      0.59122255E-01     -0.20934508E-01      0.00000000E+00      0.00000000E+00      0.00000000E+00      0.00000000E+00      0.77820163E-01      0.30989885E+00     -0.12360253E-01      0.00000000E+00      0.00000000E+00      0.00000000E+00      0.00000000E+00      0.65875273E+00     -0.59122255E-01     -0.20934508E-01      0.00000000E+00      0.00000000E+00      0.00000000E+00      0.00000000E+00
      0.00000000E+00      0.00000000E+00      0.00000000E+00      0.69903792E-02     -0.19831964E-01     -0.95915795E+00      0.18676653E-01      0.00000000E+00      0.00000000E+00      0.00000000E+00      0.00000000E+00      0.00000000E+00     -0.42496421E-02     -0.72875113E-01      0.00000000E+00      0.00000000E+00      0.00000000E+00     -0.69903792E-02      0.19831964E-01      0.95915795E+00     -0.18676653E-01      0.00000000E+00      0.00000000E+00      0.00000000E+00      0.00000000E+00      0.00000000E+00     -0.42496421E-02     -0.72875113E-01
      0.00000000E+00      0.00000000E+00      0.00000000E+00     -0.96427013E+00      0.28649366E-01     -0.77064961E-02      0.73527691E-03      0.00000000E+00      0.00000000E+00      0.00000000E+00      0.00000000E+00      0.00000000E+00     -0.73873895E-01     -0.14465541E-01      0.00000000E+00      0.00000000E+00      0.00000000E+00      0.96427013E+00     -0.28649366E-01      0.77064961E-02     -0.73527691E-03      0.00000000E+00      0.00000000E+00      0.00000000E+00      0.00000000E+00      0.00000000E+00     -0.73873895E-01     -0.14465541E-01
      0.28493508E+01     -0.13320422E+01     -0.54804891E+00      0.00000000E+00      0.00000000E+00      0.00000000E+00      0.00000000E+00      0.10142933E+01      0.21538235E+00     -0.54455177E+00      0.00000000E+00      0.00000000E+00      0.00000000E+00      0.00000000E+00     -0.28493508E+01      0.13320422E+01      0.54804891E+00      0.00000000E+00      0.00000000E+00      0.00000000E+00      0.00000000E+00      0.10142933E+01      0.21538235E+00      0.54455177E+00      0.00000000E+00      0.00000000E+00      0.00000000E+00      0.00000000E+00
     -0.90486900E+00     -0.54320870E+01     -0.98875944E-01      0.00000000E+00      0.00000000E+00      0.00000000E+00      0.00000000E+00      0.10645100E+00     -0.36392990E+01     -0.42739333E-01      0.00000000E+00      0.00000000E+00      0.00000000E+00      0.00000000E+00      0.90486900E+00      0.54320870E+01      0.98875944E-01      0.00000000E+00      0.00000000E+00      0.00000000E+00      0.00000000E+00      0.10645100E+00     -0.36392990E+01      0.42739333E-01      0.00000000E+00      0.00000000E+00      0.00000000E+00      0.00000000E+00
     -0.98104800E+00      0.12663090E+01     -0.16080087E+00      0.00000000E+00      0.00000000E+00      0.00000000E+00      0.00000000E+00      0.67213500E+00     -0.85746700E+00     -0.29332667E-01      0.00000000E+00      0.00000000E+00      0.00000000E+00      0.00000000E+00     -0.98104800E+00      0.12663090E+01     -0.16080087E+00      0.00000000E+00      0.00000000E+00      0.00000000E+00      0.00000000E+00     -0.67213500E+00      0.85746700E+00     -0.29332667E-01      0.00000000E+00      0.00000000E+00      0.00000000E+00      0.00000000E+00
      0.11204130E+01     -0.92753300E+00      0.73957948E-01      0.00000000E+00      0.00000000E+00      0.00000000E+00      0.00000000E+00      0.35264800E+00     -0.10205390E+01      0.73400000E-01      0.00000000E+00      0.00000000E+00      0.00000000E+00      0.00000000E+00      0.11204130E+01     -0.92753300E+00      0.73957948E-01      0.00000000E+00      0.00000000E+00      0.00000000E+00      0.00000000E+00     -0.35264800E+00      0.10205390E+01      0.73400000E-01      0.00000000E+00      0.00000000E+00      0.00000000E+00      0.00000000E+00
      0.00000000E+00      0.00000000E+00      0.00000000E+00      0.00000000E+00      0.00000000E+00     -0.91916300E+00      0.10512250E+01      0.00000000E+00      0.00000000E+00      0.00000000E+00      0.00000000E+00      0.00000000E+00      0.00000000E+00     -0.99831000E-01      0.00000000E+00      0.00000000E+00      0.00000000E+00      0.00000000E+00      0.00000000E+00     -0.91916300E+00      0.10512250E+01      0.00000000E+00      0.00000000E+00      0.00000000E+00      0.00000000E+00      0.00000000E+00      0.00000000E+00      0.99831000E-01
      0.00000000E+00      0.00000000E+00      0.00000000E+00     -0.91916300E+00      0.10512250E+01      0.00000000E+00      0.00000000E+00      0.00000000E+00      0.00000000E+00      0.00000000E+00      0.00000000E+00      0.00000000E+00     -0.99831000E-01      0.00000000E+00      0.00000000E+00      0.00000000E+00      0.00000000E+00     -0.91916300E+00      0.10512250E+01      0.00000000E+00      0.00000000E+00      0.00000000E+00      0.00000000E+00      0.00000000E+00      0.00000000E+00      0.00000000E+00      0.99831000E-01      0.00000000E+00
      0.00000000E+00      0.00000000E+00      0.00000000E+00      0.00000000E+00      0.00000000E+00     -0.77029500E+00      0.17564980E+01      0.00000000E+00      0.00000000E+00      0.00000000E+00      0.00000000E+00      0.00000000E+00      0.00000000E+00      0.79571000E-01      0.00000000E+00      0.00000000E+00      0.00000000E+00      0.00000000E+00      0.00000000E+00      0.77029500E+00     -0.17564980E+01      0.00000000E+00      0.00000000E+00      0.00000000E+00      0.00000000E+00      0.00000000E+00      0.00000000E+00      0.79571000E-01
      0.00000000E+00      0.00000000E+00      0.00000000E+00     -0.77029500E+00      0.17564980E+01      0.00000000E+00      0.00000000E+00      0.00000000E+00      0.00000000E+00      0.00000000E+00      0.00000000E+00      0.00000000E+00      0.79571000E-01      0.00000000E+00      0.00000000E+00      0.00000000E+00      0.00000000E+00      0.77029500E+00     -0.17564980E+01      0.00000000E+00      0.00000000E+00      0.00000000E+00      0.00000000E+00      0.00000000E+00      0.00000000E+00      0.00000000E+00      0.79571000E-01      0.00000000E+00
     -0.14870680E+01      0.99085910E+01     -0.23960214E-01      0.00000000E+00      0.00000000E+00      0.00000000E+00      0.00000000E+00     -0.21420100E+00      0.42107860E+01      0.27159333E+00      0.00000000E+00      0.00000000E+00      0.00000000E+00      0.00000000E+00      0.14870680E+01     -0.99085910E+01      0.23960214E-01      0.00000000E+00      0.00000000E+00      0.00000000E+00      0.00000000E+00     -0.21420100E+00      0.42107860E+01     -0.27159333E+00      0.00000000E+00      0.00000000E+00      0.00000000E+00      0.00000000E+00
      0.00000000E+00      0.00000000E+00      0.00000000E+00      0.00000000E+00      0.00000000E+00      0.00000000E+00      0.00000000E+00      0.00000000E+00      0.00000000E+00      0.00000000E+00      0.00000000E+00      0.64169900E+00      0.00000000E+00      0.00000000E+00      0.00000000E+00      0.00000000E+00      0.00000000E+00      0.00000000E+00      0.00000000E+00      0.00000000E+00      0.00000000E+00      0.00000000E+00      0.00000000E+00      0.00000000E+00      0.00000000E+00      0.64169900E+00      0.00000000E+00      0.00000000E+00
      0.00000000E+00      0.00000000E+00      0.00000000E+00      0.00000000E+00      0.00000000E+00      0.00000000E+00      0.00000000E+00      0.00000000E+00      0.00000000E+00      0.00000000E+00      0.64169942E+00      0.00000000E+00      0.00000000E+00      0.00000000E+00      0.00000000E+00      0.00000000E+00      0.00000000E+00      0.00000000E+00      0.00000000E+00      0.00000000E+00      0.00000000E+00      0.00000000E+00      0.00000000E+00      0.00000000E+00      0.64169942E+00      0.00000000E+00      0.00000000E+00      0.00000000E+00
      0.00000000E+00      0.00000000E+00      0.00000000E+00      0.46012300E+00     -0.30655800E+00      0.00000000E+00      0.00000000E+00      0.00000000E+00      0.00000000E+00      0.00000000E+00      0.00000000E+00      0.00000000E+00     -0.60009500E+00      0.00000000E+00      0.00000000E+00      0.00000000E+00      0.00000000E+00      0.46012300E+00     -0.30655800E+00      0.00000000E+00      0.00000000E+00      0.00000000E+00      0.00000000E+00      0.00000000E+00      0.00000000E+00      0.00000000E+00      0.60009500E+00      0.00000000E+00
      0.00000000E+00      0.00000000E+00      0.00000000E+00      0.00000000E+00      0.00000000E+00      0.46012300E+00     -0.30655800E+00      0.00000000E+00      0.00000000E+00      0.00000000E+00      0.00000000E+00      0.00000000E+00      0.00000000E+00     -0.60009500E+00      0.00000000E+00      0.00000000E+00      0.00000000E+00      0.00000000E+00      0.00000000E+00      0.46012300E+00     -0.30655800E+00      0.00000000E+00      0.00000000E+00      0.00000000E+00      0.00000000E+00      0.00000000E+00      0.00000000E+00      0.60009500E+00
      0.00000000E+00      0.00000000E+00      0.00000000E+00      0.00000000E+00      0.00000000E+00      0.00000000E+00      0.00000000E+00      0.00000000E+00      0.00000000E+00      0.00000000E+00      0.00000000E+00      0.79770400E+00      0.00000000E+00      0.00000000E+00      0.00000000E+00      0.00000000E+00      0.00000000E+00      0.00000000E+00      0.00000000E+00      0.00000000E+00      0.00000000E+00      0.00000000E+00      0.00000000E+00      0.00000000E+00      0.00000000E+00     -0.79770400E+00      0.00000000E+00      0.00000000E+00
      0.00000000E+00      0.00000000E+00      0.00000000E+00      0.00000000E+00      0.00000000E+00      0.00000000E+00      0.00000000E+00      0.00000000E+00      0.00000000E+00      0.00000000E+00     -0.79770408E+00      0.00000000E+00      0.00000000E+00      0.00000000E+00      0.00000000E+00      0.00000000E+00      0.00000000E+00      0.00000000E+00      0.00000000E+00      0.00000000E+00      0.00000000E+00      0.00000000E+00      0.00000000E+00      0.00000000E+00      0.79770408E+00      0.00000000E+00      0.00000000E+00      0.00000000E+00
     -0.64461800E+00      0.78020100E+00     -0.50163949E+00      0.00000000E+00      0.00000000E+00      0.00000000E+00      0.00000000E+00     -0.45111900E+00      0.82565900E+00      0.82742400E+00      0.00000000E+00      0.00000000E+00      0.00000000E+00      0.00000000E+00     -0.64461800E+00      0.78020100E+00     -0.50163949E+00      0.00000000E+00      0.00000000E+00      0.00000000E+00      0.00000000E+00      0.45111900E+00     -0.82565900E+00      0.82742400E+00      0.00000000E+00      0.00000000E+00      0.00000000E+00      0.00000000E+00
      0.00000000E+00      0.00000000E+00      0.00000000E+00      0.00000000E+00      0.00000000E+00      0.47943200E+00      0.27202900E+00      0.00000000E+00      0.00000000E+00      0.00000000E+00      0.00000000E+00      0.00000000E+00      0.00000000E+00      0.11879470E+01      0.00000000E+00      0.00000000E+00      0.00000000E+00      0.00000000E+00      0.00000000E+00     -0.47943200E+00     -0.27202900E+00      0.00000000E+00      0.00000000E+00      0.00000000E+00      0.00000000E+00      0.00000000E+00      0.00000000E+00      0.11879470E+01
      0.00000000E+00      0.00000000E+00      0.00000000E+00      0.47943200E+00      0.27202900E+00      0.00000000E+00      0.00000000E+00      0.00000000E+00      0.00000000E+00      0.00000000E+00      0.00000000E+00      0.00000000E+00      0.11879470E+01      0.00000000E+00      0.00000000E+00      0.00000000E+00      0.00000000E+00     -0.47943200E+00     -0.27202900E+00      0.00000000E+00      0.00000000E+00      0.00000000E+00      0.00000000E+00      0.00000000E+00      0.00000000E+00      0.00000000E+00      0.11879470E+01      0.00000000E+00
      0.24493450E+01      0.31311950E+01     -0.11122381E+01      0.00000000E+00      0.00000000E+00      0.00000000E+00      0.00000000E+00      0.10161090E+01      0.15268050E+01      0.99253400E+00      0.00000000E+00      0.00000000E+00      0.00000000E+00      0.00000000E+00     -0.24493450E+01     -0.31311950E+01      0.11122381E+01      0.00000000E+00      0.00000000E+00      0.00000000E+00      0.00000000E+00      0.10161090E+01      0.15268050E+01     -0.99253400E+00      0.00000000E+00      0.00000000E+00      0.00000000E+00      0.00000000E+00
      0.27112830E+01     -0.66259700E+00     -0.21029750E+01      0.00000000E+00      0.00000000E+00      0.00000000E+00      0.00000000E+00      0.20682800E+00     -0.21634900E+00     -0.32864400E+00      0.00000000E+00      0.00000000E+00      0.00000000E+00      0.00000000E+00      0.27112830E+01     -0.66259700E+00     -0.21029750E+01      0.00000000E+00      0.00000000E+00      0.00000000E+00      0.00000000E+00     -0.20682800E+00      0.21634900E+00     -0.32864400E+00      0.00000000E+00      0.00000000E+00      0.00000000E+00      0.00000000E+00
      0.60475000E-01      0.54261400E+00      0.18530728E+01      0.00000000E+00      0.00000000E+00      0.00000000E+00      0.00000000E+00      0.14146170E+01      0.24072300E+00      0.81451067E+00      0.00000000E+00      0.00000000E+00      0.00000000E+00      0.00000000E+00     -0.60475000E-01     -0.54261400E+00     -0.18530728E+01      0.00000000E+00      0.00000000E+00      0.00000000E+00      0.00000000E+00      0.14146170E+01      0.24072300E+00     -0.81451067E+00      0.00000000E+00      0.00000000E+00      0.00000000E+00      0.00000000E+00
end
